-331
-312
-319
-292
-295
-310
-343
-330
-328
-361
-317
-312
-321
-362
-373
-372
-324
-366
-363
-423
-366
-379
-361
-380
-369
-392
-403
-408
-386
-391
-376
-400
-375
-410
-398
-429
-400
-408
-341
-371
-380
-414
-400
-393
-405
-392
-374
-339
-323
-362
-376
-415
-379
-403
-332
-389
-348
-377
-331
-362
-346
-380
-389
-381
-403
-389
-348
-392
-389
-354
-344
-362
-311
-358
-335
-367
-352
-364
-379
-393
-378
-393
-378
-377
-406
-373
-367
-387
-359
-411
-373
-397
-376
-365
-360
-405
-365
-379
-354
-376
