-297
-301
-289
-320
-328
-318
-328
-315
-289
-295
-302
-333
-345
-370
-350
-334
-313
-364
-333
-325
-333
-327
-343
-336
-337
-354
-357
-352
-365
-407
-426
-403
-379
-392
-371
-347
-349
-390
-357
-373
-347
-357
-333
-349
-331
-333
-330
-337
-309
-351
-331
-355
-336
-365
-371
-379
-369
-385
-382
-419
-417
-400
-379
-385
-355
-383
-342
-362
-376
-391
-346
-341
-347
-362
-350
-382
-373
-400
-372
-371
-366
-367
-327
-380
-368
-382
-376
-412
-404
-385
-402
-443
-427
-421
-389
-416
-378
-390
-412
-427
