-383
-343
-352
-375
-329
-326
-321
-349
-342
-321
-320
-309
-264
-314
-305
-347
-314
-298
-278
-320
-328
-304
-309
-306
-317
-355
-350
-334
-334
-367
-375
-367
-381
-407
-375
-373
-399
-425
-373
-393
-385
-406
-337
-354
-346
-385
-344
-357
-347
-326
-351
-350
-346
-381
-363
-375
-358
-369
-387
-381
-367
-373
-362
-391
-387
-382
-385
-391
-373
-373
-344
-391
-355
-366
-342
-366
-350
-370
-345
-349
-378
-433
-451
-480
-456
-448
-424
-399
-399
-389
-328
-334
-341
-330
-346
-333
-315
-327
-260
-294
