-351
-389
-393
-395
-393
-423
-403
-373
-425
-415
-437
-441
-391
-379
-317
-362
-333
-356
-376
-377
-371
-427
-408
-406
-397
-396
-405
-391
-343
-347
-313
-334
-335
-342
-370
-368
-338
-336
-307
-314
-342
-363
-332
-311
-310
-309
-303
-304
-319
-328
-302
-359
-342
-342
-361
-378
-380
-371
-353
-370
-359
-331
-321
-302
-309
-314
-306
-319
-275
-302
-285
-304
-272
-312
-318
-304
-308
-339
-325
-385
-329
-344
-350
-347
-341
-325
-391
-373
-361
-351
-353
-415
-424
-449
-401
-417
-388
-384
-401
-401
