-309
-333
-321
-361
-368
-344
-345
-378
-315
-318
-306
-297
-291
-298
-323
-325
-312
-326
-312
-345
-325
-312
-306
-359
-386
-400
-344
-353
-327
-390
-377
-385
-369
-383
-397
-367
-359
-376
-354
-353
-311
-334
-328
-355
-302
-329
-323
-362
-323
-382
-353
-371
-304
-347
-309
-310
-305
-343
-310
-326
-289
-336
-301
-313
-351
-355
-343
-331
-307
-301
-341
-338
-313
-346
-338
-319
-339
-360
-355
-352
-369
-372
-383
-384
-378
-391
-375
-372
-373
-398
-397
-404
-389
-399
-376
-366
-373
-366
-365
-354
