-432
-430
-386
-399
-326
-392
-373
-347
-348
-325
-363
-353
-300
-326
-321
-321
-305
-300
-273
-321
-299
-298
-304
-322
-329
-329
-345
-341
-333
-348
-333
-371
-366
-330
-290
-295
-345
-317
-287
-276
-273
-282
-298
-283
-355
-356
-319
-340
-340
-373
-346
-376
-337
-340
-350
-345
-355
-382
-343
-360
-353
-375
-338
-354
-319
-323
-331
-318
-341
-345
-332
-343
-350
-336
-320
-331
-332
-355
-334
-343
-360
-365
-381
-398
-343
-371
-355
-336
-337
-373
-319
-347
-293
-337
-367
-391
-342
-368
-358
-394
