-400
-434
-426
-406
-385
-414
-395
-375
-386
-365
-377
-389
-347
-352
-342
-335
-344
-359
-321
-344
-352
-351
-353
-401
-349
-426
-397
-401
-382
-389
-352
-347
-382
-411
-393
-376
-355
-359
-342
-363
-347
-359
-353
-373
-363
-369
-377
-390
-365
-381
-351
-370
-364
-406
-405
-443
-421
-455
-373
-381
-402
-421
-378
-411
-383
-412
-390
-386
-408
-425
-400
-382
-391
-407
-377
-405
-417
-409
-335
-377
-365
-359
-324
-355
-329
-365
-336
-353
-381
-365
-369
-397
-400
-365
-323
-387
-345
-407
-366
-356
