-280
-290
-328
-335
-301
-301
-298
-306
-321
-355
-323
-301
-280
-325
-295
-327
-316
-341
-365
-377
-339
-362
-354
-389
-368
-390
-371
-354
-314
-362
-383
-374
-343
-327
-333
-357
-311
-339
-338
-368
-365
-420
-370
-362
-371
-389
-346
-417
-394
-389
-374
-393
-372
-416
-348
-364
-338
-368
-378
-349
-363
-390
-377
-375
-351
-380
-344
-382
-335
-350
-315
-360
-345
-325
-302
-348
-336
-339
-352
-386
-354
-392
-370
-351
-379
-352
-353
-358
-347
-377
-372
-411
-381
-362
-373
-419
-355
-363
-354
-407
