-369
-374
-348
-327
-320
-340
-317
-355
-338
-370
-362
-381
-381
-368
-351
-354
-345
-398
-353
-401
-368
-394
-361
-345
-307
-336
-318
-316
-334
-383
-384
-346
-334
-351
-318
-346
-368
-341
-326
-364
-360
-389
-366
-397
-425
-373
-353
-370
-383
-415
-385
-403
-383
-394
-359
-361
-354
-345
-318
-333
-348
-335
-313
-333
-307
-322
-349
-309
-281
-273
-263
-353
-349
-333
-335
-330
-307
-339
-297
-326
-312
-325
-318
-295
-268
-298
-336
-322
-330
-328
-287
-248
-293
-296
-285
-313
-317
-341
-328
-331
