-350
-328
-333
-326
-357
-367
-340
-359
-356
-366
-380
-352
-335
-356
-377
-391
-399
-383
-378
-407
-371
-366
-395
-435
-375
-421
-383
-398
-394
-403
-391
-392
-386
-389
-356
-345
-333
-333
-348
-395
-350
-373
-402
-385
-336
-353
-356
-367
-355
-393
-361
-386
-374
-367
-359
-363
-378
-371
-363
-390
-353
-384
-371
-381
-361
-358
-323
-335
-320
-356
-368
-429
-405
-457
-419
-423
-426
-417
-393
-400
-405
-404
-356
-366
-339
-363
-330
-344
-336
-335
-309
-335
-309
-321
-323
-338
-324
-325
-327
-343
